0.0154440104961395
0.0270270258188247
0.0540540516376495
0.0482625514268875
0.0328185260295867
0.0598455667495727
0.0849420726299285
0.0849420726299285
0.0617760717868804
0.0289575308561325
0.0000000000000000
0.0270270258188247
0.0212355256080627
0.0424710363149642
0.0714285671710968
0.0598455667495727
0.0405405461788177
0.0868725776672363
0.1274131238460540
0.1274131238460540
0.1042470932006830
0.0559845566749572
0.0193050205707550
0.0694980621337890
0.0791505873203277
0.0888030827045440
0.1428571343421930
0.1138996183872220
0.1312741339206690
0.1428571343421930
0.1833976805210110
0.1833976805210110
0.1544401645660400
0.1119691133499140
0.0810810923576354
0.1196911036968230
0.1293436288833610
0.1467181444168090
0.1718146800994870
0.1486486494541160
0.1525096595287320
0.2200772166252130
0.2432432472705840
0.2664092481136320
0.2027027010917660
0.1679536700248710
0.1312741339206690
0.1737451851367950
0.1776061654090880
0.1776061654090880
0.2548262476921080
0.2528957426548000
0.2413127422332760
0.2683397531509390
0.3088802993297570
0.3243243396282190
0.2567567527294150
0.2065637111663810
0.1467181444168090
0.1872586905956260
0.1930501759052270
0.1621621549129480
0.2528957426548000
0.2374517321586600
0.2509652376174920
0.3088802993297570
0.3822393715381620
0.3648648560047140
0.2992278039455410
0.2413127422332760
0.1911197006702420
0.2413127422332760
0.2664092481136320
0.2490347325801840
0.3146717846393580
0.3185327947139730
0.3204633295536040
0.4073359072208400
0.5019304752349850
0.4691119492053980
0.4015444219112390
0.3281853497028350
0.2567567527294150
0.3359073102474210
0.3474903404712670
0.3339768350124350
0.4111969172954550
0.4034748971462240
0.4131273925304410
0.5212354660034170
0.5965250730514520
0.5810810327529900
0.4845559895038600
0.3899613916873930
0.3223938047885890
0.3899613916873930
0.4073359072208400
0.3803088963031760
0.4864864647388450
0.4710424840450280
0.4845559895038600
0.6138995885848990
0.6969112157821650
0.7007721662521360
0.5791505575180050
0.4691119492053980
0.3880308568477630
0.4478764235973350
0.4555984437465660
0.4131273925304410
0.4980694949626920
0.4710424840450280
0.4999999701976770
0.6389961242675780
0.7471042871475210
0.7741312980651850
0.5791505575180050
0.4922780096530910
0.3976834118366240
0.4498069584369650
0.4942084848880760
0.4594594538211820
0.5830116271972650
0.5637065172195430
0.6100386381149290
0.7104246616363520
0.8571429252624510
0.8783783912658690
0.6930501461029050
0.5849421024322500
0.4980694949626920
0.5810810327529900
0.6042470932006830
0.5540540218353270
0.6081080436706540
0.6891891956329340
0.7104246616363520
0.8320463895797720
1.0000000000000000
0.9691120386123650
0.7799227237701410
0.6891891956329340
0.5521235466003410
0.6332045793533320
