00100100000011110010101011000000,
10001110001101110100001011000000,
00010011100110001001010001000000,
00001111000010100110011111010000,
00100000010011001110111111000000,
10010000001101100101011011000000,
10010101111101011101110110100000,
00001101010101011101001100000000,
10111111110110010111000001000000,
10000100110110110111011100100000,
00011110111110001110000010100000,
10111001110000010110000010000000,
00110000111100101011101001000000,
10111010110000010000010111000000,
00110011010011111111011111000000,
00111010110111101011011011000000,
